{
 "cells": [
  {
   "cell_type": "code",
   "execution_count": 6,
   "metadata": {},
   "outputs": [],
   "source": [
    "import numpy as np\n",
    "from scipy.io import loadmat"
   ]
  },
  {
   "cell_type": "code",
   "execution_count": 7,
   "metadata": {},
   "outputs": [],
   "source": [
    "# load x1, x2, x3, R, C, K, img1, img2, img3 from a Matlab file\n",
    "\n",
    "matfile = loadmat('./data.mat')\n",
    "data = matfile['data']\n",
    "x1 = data[0,0][0]\n",
    "x2 = data[0,0][1]\n",
    "x3 = data[0,0][2]\n",
    "R = data[0,0][3]\n",
    "C = data[0,0][4]\n",
    "K = data[0,0][5]\n",
    "img1 = data[0,0][6]\n",
    "img2 = data[0,0][7]\n",
    "img3 = data[0,0][8]\n"
   ]
  },
  {
   "cell_type": "code",
   "execution_count": 8,
   "metadata": {},
   "outputs": [
    {
     "name": "stdout",
     "output_type": "stream",
     "text": [
      "(429, 2)\n",
      "(429, 2)\n",
      "(429, 2)\n",
      "(3, 3)\n",
      "(3, 1)\n",
      "(3, 3)\n",
      "(960, 1280, 3)\n",
      "(960, 1280, 3)\n",
      "(960, 1280, 3)\n"
     ]
    }
   ],
   "source": [
    "print (x1.shape)\n",
    "print (x2.shape)\n",
    "print (x3.shape)\n",
    "print (R.shape)\n",
    "print (C.shape)\n",
    "print (K.shape)\n",
    "print (img1.shape)\n",
    "print (img2.shape)\n",
    "print (img3.shape)"
   ]
  },
  {
   "cell_type": "code",
   "execution_count": 9,
   "metadata": {
    "collapsed": true
   },
   "outputs": [
    {
     "name": "stdout",
     "output_type": "stream",
     "text": [
      "[[ 9.82380562e-01  1.34247835e-02  1.86408710e-01]\n",
      " [-1.30676840e-02  9.99909670e-01 -3.14433861e-03]\n",
      " [-1.86434083e-01  6.53007021e-04  9.82467254e-01]]\n",
      "[[-0.92110865]\n",
      " [ 0.12895095]\n",
      " [ 0.36732888]]\n",
      "[[568.99614085   0.         643.21055941]\n",
      " [  0.         568.9883624  477.98280104]\n",
      " [  0.           0.           1.        ]]\n"
     ]
    }
   ],
   "source": [
    "print (R)\n",
    "print (C)\n",
    "print (K)"
   ]
  },
  {
   "cell_type": "code",
   "execution_count": 5,
   "metadata": {
    "collapsed": true
   },
   "outputs": [
    {
     "name": "stdout",
     "output_type": "stream",
     "text": [
      "[[[254 254 254]\n",
      "  [254 254 254]\n",
      "  [254 254 254]\n",
      "  ...\n",
      "  [ 26 187 243]\n",
      "  [ 26 187 243]\n",
      "  [ 26 187 243]]\n",
      "\n",
      " [[254 254 254]\n",
      "  [254 254 254]\n",
      "  [254 254 254]\n",
      "  ...\n",
      "  [ 26 187 243]\n",
      "  [ 27 188 244]\n",
      "  [ 27 188 244]]\n",
      "\n",
      " [[254 254 254]\n",
      "  [254 254 254]\n",
      "  [254 254 254]\n",
      "  ...\n",
      "  [ 27 188 244]\n",
      "  [ 27 188 244]\n",
      "  [ 27 188 244]]\n",
      "\n",
      " ...\n",
      "\n",
      " [[ 88  81  98]\n",
      "  [ 91  84 100]\n",
      "  [ 95  87 102]\n",
      "  ...\n",
      "  [ 50  52  76]\n",
      "  [ 50  52  76]\n",
      "  [ 49  51  75]]\n",
      "\n",
      " [[ 88  81  98]\n",
      "  [ 88  80  97]\n",
      "  [ 88  80  94]\n",
      "  ...\n",
      "  [ 49  51  75]\n",
      "  [ 49  51  75]\n",
      "  [ 49  51  75]]\n",
      "\n",
      " [[ 77  70  87]\n",
      "  [ 76  68  84]\n",
      "  [ 75  66  79]\n",
      "  ...\n",
      "  [ 48  50  74]\n",
      "  [ 48  50  74]\n",
      "  [ 48  50  74]]]\n",
      "[[[255 255 255]\n",
      "  [255 255 255]\n",
      "  [255 255 255]\n",
      "  ...\n",
      "  [ 47 162 226]\n",
      "  [ 47 162 226]\n",
      "  [ 47 162 226]]\n",
      "\n",
      " [[255 255 255]\n",
      "  [255 255 255]\n",
      "  [255 255 255]\n",
      "  ...\n",
      "  [ 47 162 226]\n",
      "  [ 47 162 226]\n",
      "  [ 47 162 226]]\n",
      "\n",
      " [[255 255 255]\n",
      "  [255 255 255]\n",
      "  [255 255 255]\n",
      "  ...\n",
      "  [ 47 162 226]\n",
      "  [ 47 162 226]\n",
      "  [ 47 162 226]]\n",
      "\n",
      " ...\n",
      "\n",
      " [[ 33  32  49]\n",
      "  [ 34  33  50]\n",
      "  [ 34  33  50]\n",
      "  ...\n",
      "  [115 121 128]\n",
      "  [115 121 128]\n",
      "  [112 118 125]]\n",
      "\n",
      " [[ 33  32  49]\n",
      "  [ 32  31  48]\n",
      "  [ 32  31  48]\n",
      "  ...\n",
      "  [113 119 126]\n",
      "  [113 119 126]\n",
      "  [114 120 127]]\n",
      "\n",
      " [[ 29  28  45]\n",
      "  [ 29  28  45]\n",
      "  [ 30  29  46]\n",
      "  ...\n",
      "  [112 118 125]\n",
      "  [112 118 125]\n",
      "  [112 118 125]]]\n",
      "[[[173 238 255]\n",
      "  [172 237 255]\n",
      "  [171 235 253]\n",
      "  ...\n",
      "  [ 64 141 205]\n",
      "  [ 64 141 205]\n",
      "  [ 64 141 205]]\n",
      "\n",
      " [[174 239 255]\n",
      "  [172 237 255]\n",
      "  [172 236 253]\n",
      "  ...\n",
      "  [ 64 141 205]\n",
      "  [ 64 141 205]\n",
      "  [ 64 141 205]]\n",
      "\n",
      " [[173 238 255]\n",
      "  [173 238 255]\n",
      "  [172 236 254]\n",
      "  ...\n",
      "  [ 64 141 205]\n",
      "  [ 64 141 205]\n",
      "  [ 64 141 205]]\n",
      "\n",
      " ...\n",
      "\n",
      " [[ 33  32  47]\n",
      "  [ 32  31  46]\n",
      "  [ 32  31  46]\n",
      "  ...\n",
      "  [ 60  50  56]\n",
      "  [ 60  51  58]\n",
      "  [ 61  52  59]]\n",
      "\n",
      " [[ 31  30  45]\n",
      "  [ 30  29  44]\n",
      "  [ 29  28  43]\n",
      "  ...\n",
      "  [ 57  48  53]\n",
      "  [ 57  48  55]\n",
      "  [ 58  49  56]]\n",
      "\n",
      " [[ 28  27  42]\n",
      "  [ 27  26  41]\n",
      "  [ 26  25  40]\n",
      "  ...\n",
      "  [ 53  44  50]\n",
      "  [ 54  45  51]\n",
      "  [ 55  46  53]]]\n"
     ]
    }
   ],
   "source": [
    "print (img1)\n",
    "print (img2)\n",
    "print (img3)\n"
   ]
  },
  {
   "cell_type": "code",
   "execution_count": 10,
   "metadata": {},
   "outputs": [
    {
     "name": "stdout",
     "output_type": "stream",
     "text": [
      "(8, 9)\n",
      "[[6.57312897e+05 4.10672572e+05 7.17520000e+02 5.27786932e+05\n",
      "  3.29748006e+05 5.76130000e+02 9.16090000e+02 5.72350000e+02\n",
      "  1.00000000e+00]\n",
      " [7.25281839e+05 1.41541662e+05 7.62740000e+02 2.18390906e+05\n",
      "  4.26198619e+04 2.29670000e+02 9.50890000e+02 1.85570000e+02\n",
      "  1.00000000e+00]\n",
      " [1.49617678e+05 1.01165584e+05 3.21130000e+02 1.41869595e+05\n",
      "  9.59266350e+04 3.04500000e+02 4.65910000e+02 3.15030000e+02\n",
      "  1.00000000e+00]\n",
      " [9.84702956e+05 5.93476499e+05 8.86090000e+02 7.30806530e+05\n",
      "  4.40454147e+05 6.57620000e+02 1.11129000e+03 6.69770000e+02\n",
      "  1.00000000e+00]\n",
      " [3.10747581e+05 2.87319343e+05 4.88190000e+02 3.76322901e+05\n",
      "  3.47950733e+05 5.91210000e+02 6.36530000e+02 5.88540000e+02\n",
      "  1.00000000e+00]\n",
      " [9.43279405e+04 1.31878775e+05 2.36050000e+02 2.26974484e+05\n",
      "  3.17330333e+05 5.67990000e+02 3.99610000e+02 5.58690000e+02\n",
      "  1.00000000e+00]\n",
      " [5.18036316e+04 8.49206796e+04 1.56360000e+02 1.82677708e+05\n",
      "  2.99459992e+05 5.51380000e+02 3.31310000e+02 5.43110000e+02\n",
      "  1.00000000e+00]\n",
      " [7.62246615e+05 3.95989503e+05 7.76100000e+02 5.10875144e+05\n",
      "  2.65401237e+05 5.20160000e+02 9.82150000e+02 5.10230000e+02\n",
      "  1.00000000e+00]] (8, 9) A\n"
     ]
    }
   ],
   "source": [
    "# compute F from x1, x2\n",
    "# rank2 F\n",
    "# normalize F\n",
    "\n",
    "A = np.zeros((8,9))\n",
    "for i in range(8):\n",
    "    rowA = np.array([[x1[i,0]*x2[i,0], x1[i,0]*x2[i,1], x1[i,0]],\n",
    "    [x1[i,1]*x2[i,0], x1[i,1]*x2[i,1], x1[i,1]],[x2[i,0], x2[i,1], 1]])\n",
    "#     print(rowA)\n",
    "    A[i,:] = np.reshape(rowA, (9,))\n",
    "\n",
    "print(A, A.shape,\"A\")"
   ]
  },
  {
   "cell_type": "code",
   "execution_count": 12,
   "metadata": {},
   "outputs": [
    {
     "name": "stdout",
     "output_type": "stream",
     "text": [
      "[[-6.95920811e-01 -3.90939471e-01 -7.31987859e-04 -5.07623455e-01\n",
      "  -3.24309895e-01 -5.74184045e-04 -9.41453016e-04 -5.68200251e-04\n",
      "  -1.07829836e-06]\n",
      " [ 6.32843732e-01 -1.69261889e-01  3.18204371e-04 -2.92046790e-01\n",
      "  -6.96825264e-01 -1.05742646e-03  1.65444693e-04 -1.09593066e-03\n",
      "  -1.17909837e-06]\n",
      " [ 3.23070925e-01 -6.96497621e-01  1.25417895e-03 -2.75945162e-01\n",
      "   5.78236298e-01  1.95219239e-03  2.24467228e-03  1.69409061e-03\n",
      "   6.27058860e-06]\n",
      " [ 1.04054599e-01  5.77318367e-01 -5.55038614e-03 -7.62069925e-01\n",
      "   2.73675509e-01 -7.04284983e-03 -9.94307209e-03 -6.92936001e-03\n",
      "  -2.70129685e-05]\n",
      " [-3.46268041e-04  1.01281414e-02  5.50040646e-01 -1.09354689e-02\n",
      "   1.24769928e-03  3.17690339e-01  7.04533718e-01  3.16122954e-01\n",
      "   1.67772278e-03]\n",
      " [-7.93187323e-04 -2.82657318e-03  6.25187994e-01  3.23021752e-03\n",
      "   5.39061017e-04 -3.73013066e-01 -1.22433898e-02 -6.85434476e-01\n",
      "  -3.39977281e-03]\n",
      " [ 3.23295686e-04  5.63273003e-04  4.48965039e-01 -7.29973466e-04\n",
      "  -5.43698788e-04  5.91928332e-01 -6.61953590e-01  9.92174082e-02\n",
      "  -4.83155024e-03]\n",
      " [ 8.57156400e-06 -6.51244736e-04  3.23920061e-01  4.96227787e-04\n",
      "  -3.27340498e-06 -6.39863868e-01 -2.55198657e-01  6.48301023e-01\n",
      "  -1.51255632e-02]\n",
      " [ 3.56755196e-07 -1.43913925e-05  8.27229607e-03  1.35621657e-05\n",
      "  -3.41496525e-07 -8.62087908e-03 -8.28330977e-03  7.42539362e-03\n",
      "   9.99866741e-01]] (9, 9) V\n"
     ]
    }
   ],
   "source": [
    "U,S,V = np.linalg.svd(A, full_matrices=True)\n",
    "print(V, V.shape, \"V\")"
   ]
  },
  {
   "cell_type": "code",
   "execution_count": 14,
   "metadata": {},
   "outputs": [
    {
     "name": "stdout",
     "output_type": "stream",
     "text": [
      "[-1.07829836e-06 -1.17909837e-06  6.27058860e-06 -2.70129685e-05\n",
      "  1.67772278e-03 -3.39977281e-03 -4.83155024e-03 -1.51255632e-02\n",
      "  9.99866741e-01] (9,)\n"
     ]
    }
   ],
   "source": [
    "Varray = V[:,-1]\n",
    "print(Varray, Varray.shape)"
   ]
  },
  {
   "cell_type": "code",
   "execution_count": 16,
   "metadata": {},
   "outputs": [
    {
     "name": "stdout",
     "output_type": "stream",
     "text": [
      "[[-1.07829836e-06 -1.17909837e-06  6.27058860e-06]\n",
      " [-2.70129685e-05  1.67772278e-03 -3.39977281e-03]\n",
      " [-4.83155024e-03 -1.51255632e-02  9.99866741e-01]]\n"
     ]
    }
   ],
   "source": [
    "F = V[:,-1].reshape((3,3))\n",
    "print(F)"
   ]
  },
  {
   "cell_type": "code",
   "execution_count": 17,
   "metadata": {},
   "outputs": [
    {
     "name": "stdout",
     "output_type": "stream",
     "text": [
      "[[-1.44304843e-08 -1.22364001e-06 -6.26233152e-06]\n",
      " [-8.06781186e-06  1.71760621e-03  3.37989680e-03]\n",
      " [-4.83148537e-03 -2.67716344e-02 -9.99622710e-01]] (3, 3) F\n"
     ]
    }
   ],
   "source": [
    "U_hat,S_hat,V_hat = np.linalg.svd(F, full_matrices=True)\n",
    "# print(S_hat.shape,S_hat)\n",
    "S_hat[-1] = 0 \n",
    "D = np.diag(S_hat)\n",
    "F_rank2 = np.dot(U_hat, np.dot(np.diag(S_hat), V_hat.T))\n",
    "F = F_rank2\n",
    "print(F, F.shape, \"F\")"
   ]
  },
  {
   "cell_type": "code",
   "execution_count": 19,
   "metadata": {},
   "outputs": [
    {
     "name": "stdout",
     "output_type": "stream",
     "text": [
      "1.0\n",
      "[[-1.44304843e-08 -1.22364001e-06 -6.26233152e-06]\n",
      " [-8.06781186e-06  1.71760621e-03  3.37989680e-03]\n",
      " [-4.83148537e-03 -2.67716344e-02 -9.99622710e-01]] (3, 3) F_normalized\n"
     ]
    }
   ],
   "source": [
    "F_norm = np.linalg.norm(F)\n",
    "print(F_norm)\n",
    "F_normalized = F / np.linalg.norm(F)\n",
    "F = F_normalized\n",
    "print(F_normalized, F_normalized.shape, \"F_normalized\")"
   ]
  },
  {
   "cell_type": "code",
   "execution_count": 7,
   "metadata": {},
   "outputs": [
    {
     "name": "stdout",
     "output_type": "stream",
     "text": [
      "[[568.99614085   0.         643.21055941]\n",
      " [  0.         568.9883624  477.98280104]\n",
      " [  0.           0.           1.        ]]\n",
      "[[568.99614085   0.           0.        ]\n",
      " [  0.         568.9883624    0.        ]\n",
      " [643.21055941 477.98280104   1.        ]]\n",
      "[[-4.67196466e-03 -3.96156123e-01 -3.41638398e-01]\n",
      " [-2.61197170e+00  5.56071158e+02  4.66102080e+02]\n",
      " [-4.94858363e+00  4.51451035e+02  3.74262569e+02]]\n",
      "(3,) [9.32934829e+02 3.31338443e+00 5.61998126e-15]\n",
      "(3, 3) [[1. 0. 0.]\n",
      " [0. 1. 0.]\n",
      " [0. 0. 0.]]\n",
      "[[-0.00262508  0.00125301  0.00188991]\n",
      " [ 0.47830125  0.21937124 -0.85035138]\n",
      " [-0.60056775  0.78818051 -0.1344787 ]]\n",
      "1.414213562373095\n",
      "[[-0.00185621  0.00088601  0.00133637]\n",
      " [ 0.33821006  0.15511889 -0.60128923]\n",
      " [-0.42466553  0.55732778 -0.0950908 ]]\n"
     ]
    }
   ],
   "source": [
    "# compute E from F, K\n",
    "# normalize E\n",
    "\n",
    "print(K)\n",
    "print(K.T)\n",
    "\n",
    "E_noisy = K.T.dot(F.dot(K))\n",
    "print(E_noisy)\n",
    "\n",
    "U,singular_values_noisy,V = np.linalg.svd(E_noisy, full_matrices=True)\n",
    "print(singular_values_noisy.shape,singular_values_noisy)\n",
    "\n",
    "singular_values_noisy[0] = singular_values_noisy[1] = 1 \n",
    "singular_values_noisy[-1] = 0 \n",
    "\n",
    "singular_values_corrected = np.diag(singular_values_noisy)\n",
    "print(singular_values_corrected.shape,singular_values_corrected)\n",
    "\n",
    "E_corrected = U.dot(singular_values_corrected.dot(V.T))\n",
    "E = E_corrected\n",
    "print(E_corrected)\n",
    "\n",
    "E_norm = np.linalg.norm(E)\n",
    "print(E_norm)\n",
    "E_normalized = E / np.linalg.norm(E)\n",
    "E = E_normalized\n",
    "print(E_normalized)\n"
   ]
  },
  {
   "cell_type": "code",
   "execution_count": 8,
   "metadata": {},
   "outputs": [
    {
     "name": "stdout",
     "output_type": "stream",
     "text": [
      "[[1.]\n",
      " [1.]\n",
      " [1.]] (3, 1)\n",
      "[[-1.]\n",
      " [-1.]\n",
      " [-1.]] (3, 1)\n",
      "[[1. 0. 0.]\n",
      " [0. 1. 0.]\n",
      " [0. 0. 1.]] (3, 3)\n",
      "[[ 1.  0.  0. -1.]\n",
      " [ 0.  1.  0. -1.]\n",
      " [ 0.  0.  1. -1.]] (3, 4)\n",
      "[[ 1.  0.  0. -1.]\n",
      " [ 0.  1.  0. -1.]\n",
      " [ 0.  0.  1. -1.]] (3, 4)\n"
     ]
    }
   ],
   "source": [
    "# linear triangulation\n",
    "# matrix cat\n",
    "\n",
    "C1 = np.ones((3,1))\n",
    "print(C1, C1.shape)\n",
    "\n",
    "C1_minus = np.dot(-1, C1)\n",
    "print(C1_minus, C1_minus.shape)\n",
    "\n",
    "I = np.eye(3)\n",
    "print(I, I.shape)\n",
    "\n",
    "T = np.hstack((np.eye(3), C1_minus))\n",
    "print(T, T.shape)\n",
    "\n",
    "T = np.concatenate((np.eye(3), C1_minus), axis=1)\n",
    "print(T, T.shape)"
   ]
  },
  {
   "cell_type": "code",
   "execution_count": 9,
   "metadata": {},
   "outputs": [
    {
     "name": "stdout",
     "output_type": "stream",
     "text": [
      "[[1. 0. 0.]\n",
      " [0. 1. 0.]\n",
      " [0. 0. 1.]]\n",
      "[[0.]\n",
      " [0.]\n",
      " [0.]]\n",
      "[[0.]\n",
      " [0.]\n",
      " [0.]] (3, 1)\n",
      "[[1. 0. 0. 0.]\n",
      " [0. 1. 0. 0.]\n",
      " [0. 0. 1. 0.]] (3, 4)\n",
      "[[568.99614085   0.         643.21055941]\n",
      " [  0.         568.9883624  477.98280104]\n",
      " [  0.           0.           1.        ]] (3, 3)\n",
      "[[568.99614085   0.         643.21055941   0.        ]\n",
      " [  0.         568.9883624  477.98280104   0.        ]\n",
      " [  0.           0.           1.           0.        ]] (3, 4)\n"
     ]
    }
   ],
   "source": [
    "# linear triangulation\n",
    "# compute P1\n",
    "\n",
    "R1 = np.eye(3)\n",
    "C1 = np.zeros((3,1))\n",
    "print(R1)\n",
    "print(C1)\n",
    "\n",
    "C1_minus = np.dot(-1.0,C1)\n",
    "print(C1_minus, C1_minus.shape)\n",
    "\n",
    "I_C1 = np.hstack((np.eye(3),C1_minus))\n",
    "print(I_C1, I_C1.shape)\n",
    "\n",
    "K_R1 = np.dot(K,R1)\n",
    "print(K_R1, K_R1.shape)\n",
    "\n",
    "P1 = np.dot(K_R1, I_C1)\n",
    "print(P1, P1.shape)\n",
    "\n",
    "# P1=dot(dot(K,R1),cat(np.eye(3),dot(-1.0,C1)))\n"
   ]
  },
  {
   "cell_type": "code",
   "execution_count": 11,
   "metadata": {},
   "outputs": [
    {
     "name": "stdout",
     "output_type": "stream",
     "text": [
      "[[ 9.82380562e-01  1.34247835e-02  1.86408710e-01]\n",
      " [-1.30676840e-02  9.99909670e-01 -3.14433861e-03]\n",
      " [-1.86434083e-01  6.53007021e-04  9.82467254e-01]]\n",
      "[[-0.92110865]\n",
      " [ 0.12895095]\n",
      " [ 0.36732888]]\n",
      "[[ 0.92110865]\n",
      " [-0.12895095]\n",
      " [-0.36732888]] (3, 1)\n",
      "[[ 1.          0.          0.          0.92110865]\n",
      " [ 0.          1.          0.         -0.12895095]\n",
      " [ 0.          0.          1.         -0.36732888]] (3, 4)\n",
      "[[ 4.39054377e+02  8.05867101e+00  7.37999149e+02]\n",
      " [-9.65476455e+01  5.69249092e+02  4.67813358e+02]\n",
      " [-1.86434083e-01  6.53007021e-04  9.82467254e-01]] (3, 3)\n",
      "[[ 4.39054377e+02  8.05867101e+00  7.37999149e+02  1.32289206e+02]\n",
      " [-9.65476455e+01  5.69249092e+02  4.67813358e+02 -3.34177444e+02]\n",
      " [-1.86434083e-01  6.53007021e-04  9.82467254e-01 -5.32698853e-01]] (3, 4)\n"
     ]
    }
   ],
   "source": [
    "# linear triangulation\n",
    "# compute P2\n",
    "\n",
    "R2 = R\n",
    "C2 = C\n",
    "print(R2)\n",
    "print(C2)\n",
    "\n",
    "C2_minus = np.dot(-1.0,C2)\n",
    "print(C2_minus, C2_minus.shape)\n",
    "\n",
    "I_C2 = np.hstack((np.eye(3),C2_minus))\n",
    "print(I_C2, I_C2.shape)\n",
    "\n",
    "K_R2 = np.dot(K,R2)\n",
    "print(K_R2, K_R2.shape)\n",
    "\n",
    "P2 = np.dot(K_R2, I_C2)\n",
    "print(P2, P2.shape)"
   ]
  },
  {
   "cell_type": "code",
   "execution_count": 12,
   "metadata": {
    "collapsed": true
   },
   "outputs": [
    {
     "name": "stdout",
     "output_type": "stream",
     "text": [
      "(429, 2)\n",
      "429\n",
      "[[0. 0. 0.]\n",
      " [0. 0. 0.]\n",
      " [0. 0. 0.]\n",
      " ...\n",
      " [0. 0. 0.]\n",
      " [0. 0. 0.]\n",
      " [0. 0. 0.]] (429, 3)\n",
      "[[ 0.00000000e+00 -5.68988362e+02  9.81471990e+01  0.00000000e+00]\n",
      " [ 5.68996141e+02  0.00000000e+00 -7.43094406e+01  0.00000000e+00]\n",
      " [-3.27815747e+05  4.08260530e+05 -2.76106802e+04  0.00000000e+00]] (3, 4)\n",
      "[[-1.01579021e+01 -5.68875343e+02  9.45017750e+01  2.92872557e+01]\n",
      " [ 6.09844777e+02  7.46045780e+00 -1.62029278e+02  6.20289299e+02]\n",
      " [-3.39739105e+05  5.16871020e+05  6.16532650e+03 -3.81852342e+05]] (3, 4)\n",
      "[[ 0.00000000e+00 -5.68988362e+02  9.81471990e+01  0.00000000e+00]\n",
      " [ 5.68996141e+02  0.00000000e+00 -7.43094406e+01  0.00000000e+00]\n",
      " [-3.27815747e+05  4.08260530e+05 -2.76106802e+04  0.00000000e+00]\n",
      " [-1.01579021e+01 -5.68875343e+02  9.45017750e+01  2.92872557e+01]\n",
      " [ 6.09844777e+02  7.46045780e+00 -1.62029278e+02  6.20289299e+02]\n",
      " [-3.39739105e+05  5.16871020e+05  6.16532650e+03 -3.81852342e+05]] (6, 4)\n",
      "[-2.82621088 -7.07329259  0.98157488]\n",
      "[[-0.53807268  0.75971596 -0.01208215 -0.3649157 ]\n",
      " [ 0.3384192  -0.19721973  0.11169021 -0.91329191]\n",
      " [ 0.76173665  0.59691899 -0.21767437  0.12673934]\n",
      " [ 0.12532959  0.16620397  0.96953452  0.12911836]] (4, 4)\n",
      "[-0.3649157  -0.91329191  0.12673934] (3,)\n",
      "0.12911835650667264\n",
      "[-2.82621088 -7.07329259  0.98157488]\n",
      "[[ 0.00000000e+00 -5.68988362e+02 -2.48312801e+02  0.00000000e+00]\n",
      " [ 5.68996141e+02  0.00000000e+00 -1.19529441e+02  0.00000000e+00]\n",
      " [-1.30681344e+05  4.33990184e+05  2.16850432e+05  0.00000000e+00]] (3, 4)\n",
      "[[ 6.19510726e+01 -5.69127913e+02 -2.85496910e+02  2.35324518e+02]\n",
      " [ 6.16332683e+02  7.43773316e+00 -1.96219139e+02  6.38827219e+02]\n",
      " [-1.73281511e+05  5.39797821e+05  3.07888542e+05 -3.42314898e+05]] (3, 4)\n",
      "[[ 0.00000000e+00 -5.68988362e+02 -2.48312801e+02  0.00000000e+00]\n",
      " [ 5.68996141e+02  0.00000000e+00 -1.19529441e+02  0.00000000e+00]\n",
      " [-1.30681344e+05  4.33990184e+05  2.16850432e+05  0.00000000e+00]\n",
      " [ 6.19510726e+01 -5.69127913e+02 -2.85496910e+02  2.35324518e+02]\n",
      " [ 6.16332683e+02  7.43773316e+00 -1.96219139e+02  6.38827219e+02]\n",
      " [-1.73281511e+05  5.39797821e+05  3.07888542e+05 -3.42314898e+05]] (6, 4)\n",
      "[ 3.52887566 -9.98849379 -0.38768851]\n",
      "[[-0.25078341  0.79831421  0.43584599 -0.33142175]\n",
      " [-0.07093426  0.33334103  0.06195658  0.93809033]\n",
      " [-0.94646436 -0.31505504  0.06016484  0.03641058]\n",
      " [-0.19047631  0.39028004 -0.89586821 -0.0939171 ]] (4, 4)\n",
      "[-0.33142175  0.93809033  0.03641058] (3,)\n",
      "-0.0939170961344543\n",
      "[ 3.52887566 -9.98849379 -0.38768851]\n",
      "[[ 0.00000000e+00 -5.68988362e+02 -1.73482801e+02  0.00000000e+00]\n",
      " [ 5.68996141e+02  0.00000000e+00  3.22080559e+02  0.00000000e+00]\n",
      " [-1.73259325e+05  1.82719233e+05 -4.23629984e+04  0.00000000e+00]] (3, 4)\n",
      "[[ 3.78153162e+01 -5.69043375e+02 -1.58306699e+02  1.66361325e+02]\n",
      " [ 5.25915881e+02  7.75442851e+00  2.80257830e+02  3.80478929e+02]\n",
      " [-1.83297814e+05  2.62680121e+05 -1.45329501e+04 -1.97371682e+05]] (3, 4)\n",
      "[[ 0.00000000e+00 -5.68988362e+02 -1.73482801e+02  0.00000000e+00]\n",
      " [ 5.68996141e+02  0.00000000e+00  3.22080559e+02  0.00000000e+00]\n",
      " [-1.73259325e+05  1.82719233e+05 -4.23629984e+04  0.00000000e+00]\n",
      " [ 3.78153162e+01 -5.69043375e+02 -1.58306699e+02  1.66361325e+02]\n",
      " [ 5.25915881e+02  7.75442851e+00  2.80257830e+02  3.80478929e+02]\n",
      " [-1.83297814e+05  2.62680121e+05 -1.45329501e+04 -1.97371682e+05]] (6, 4)\n",
      "[ 9.65357666 22.23663017 -7.44373297]\n",
      "[[-0.56406682  0.72856576 -0.07955225 -0.380384  ]\n",
      " [ 0.40461661 -0.11872049  0.23337822 -0.87619944]\n",
      " [ 0.54097506  0.62448504  0.48097245  0.29330859]\n",
      " [ 0.47482629  0.25517801 -0.84135102 -0.03940343]] (4, 4)\n",
      "[-0.380384   -0.87619944  0.29330859] (3,)\n",
      "-0.03940342707765174\n",
      "[ 9.65357666 22.23663017 -7.44373297]\n",
      "[[ 0.00000000e+00 -5.68988362e+02  1.79637199e+02  0.00000000e+00]\n",
      " [ 5.68996141e+02  0.00000000e+00 -2.42879441e+02  0.00000000e+00]\n",
      " [-3.74183242e+05  5.04174898e+05  5.47652093e+02  0.00000000e+00]] (3, 4)\n",
      "[[-2.83203105e+01 -5.68811727e+02  1.90213735e+02 -2.26082666e+01]\n",
      " [ 6.46236710e+02  7.33299083e+00 -3.53806887e+02  7.24272115e+02]\n",
      " [-4.01357883e+05  6.27203367e+05  2.55866169e+04 -4.59971394e+05]] (3, 4)\n",
      "[[ 0.00000000e+00 -5.68988362e+02  1.79637199e+02  0.00000000e+00]\n",
      " [ 5.68996141e+02  0.00000000e+00 -2.42879441e+02  0.00000000e+00]\n",
      " [-3.74183242e+05  5.04174898e+05  5.47652093e+02  0.00000000e+00]\n",
      " [-2.83203105e+01 -5.68811727e+02  1.90213735e+02 -2.26082666e+01]\n",
      " [ 6.46236710e+02  7.33299083e+00 -3.53806887e+02  7.24272115e+02]\n",
      " [-4.01357883e+05  6.27203367e+05  2.55866169e+04 -4.59971394e+05]] (6, 4)\n",
      "[-3.67792359 -9.26960558  0.7341549 ]\n",
      "[[-0.5210422   0.77080837  0.02065362 -0.36598213]\n",
      " [ 0.30274734 -0.2346412   0.04969091 -0.92239816]\n",
      " [ 0.70631822  0.52471594 -0.46952194  0.07305415]\n",
      " [ 0.37144805  0.27472014  0.88127941  0.09950781]] (4, 4)\n",
      "[-0.36598213 -0.92239816  0.07305415] (3,)\n",
      "0.09950781130071149\n",
      "[-3.67792359 -9.26960558  0.7341549 ]\n",
      "[[ 0.00000000e+00 -5.68988362e+02  1.13227199e+02  0.00000000e+00]\n",
      " [ 5.68996141e+02  0.00000000e+00  1.55020559e+02  0.00000000e+00]\n",
      " [-3.36396208e+05  2.77774429e+05 -1.46926091e+05  0.00000000e+00]] (3, 4)\n",
      "[[-1.31762699e+01 -5.68864771e+02  1.10407920e+02  2.06628612e+01]\n",
      " [ 5.57725265e+02  7.64301245e+00  1.12629267e+02  4.71368008e+02]\n",
      " [-3.19856536e+05  3.57601274e+05 -1.36564782e+05 -2.90571458e+05]] (3, 4)\n",
      "[[ 0.00000000e+00 -5.68988362e+02  1.13227199e+02  0.00000000e+00]\n",
      " [ 5.68996141e+02  0.00000000e+00  1.55020559e+02  0.00000000e+00]\n",
      " [-3.36396208e+05  2.77774429e+05 -1.46926091e+05  0.00000000e+00]\n",
      " [-1.31762699e+01 -5.68864771e+02  1.10407920e+02  2.06628612e+01]\n",
      " [ 5.57725265e+02  7.64301245e+00  1.12629267e+02  4.71368008e+02]\n",
      " [-3.19856536e+05  3.57601274e+05 -1.36564782e+05 -2.90571458e+05]] (6, 4)\n",
      "[ 4.52958289 12.77391696  3.36975354]\n",
      "[[-0.64366504  0.63557675 -0.27763739 -0.32350424]\n",
      " [ 0.37135594 -0.01312707  0.17204593 -0.91231718]\n",
      " [-0.61839287 -0.74810863  0.00149411 -0.24066886]\n",
      " [ 0.25569579 -0.1902718  -0.94515366 -0.07142032]] (4, 4)\n",
      "[-0.32350424 -0.91231718 -0.24066886] (3,)\n",
      "-0.07142031583231447\n",
      "[ 4.52958289 12.77391696  3.36975354]\n",
      "[[ 0.00000000e+00 -5.68988362e+02  9.00071990e+01  0.00000000e+00]\n",
      " [ 5.68996141e+02  0.00000000e+00  4.07160559e+02  0.00000000e+00]\n",
      " [-3.23184118e+05  1.34309703e+05 -2.52509325e+05  0.00000000e+00]] (3, 4)\n",
      "[[-7.61121255e+00 -5.68884263e+02  8.10812723e+01  3.65639220e+01]\n",
      " [ 5.13555302e+02  7.79772287e+00  3.45395409e+02  3.45160995e+02]\n",
      " [-2.83876695e+05  2.22975331e+05 -2.25369848e+05 -2.07449305e+05]] (3, 4)\n",
      "[[ 0.00000000e+00 -5.68988362e+02  9.00071990e+01  0.00000000e+00]\n",
      " [ 5.68996141e+02  0.00000000e+00  4.07160559e+02  0.00000000e+00]\n",
      " [-3.23184118e+05  1.34309703e+05 -2.52509325e+05  0.00000000e+00]\n",
      " [-7.61121255e+00 -5.68884263e+02  8.10812723e+01  3.65639220e+01]\n",
      " [ 5.13555302e+02  7.79772287e+00  3.45395409e+02  3.45160995e+02]\n",
      " [-2.83876695e+05  2.22975331e+05 -2.25369848e+05 -2.07449305e+05]] (6, 4)\n",
      "[ -4.95755649 -17.29381019  -8.53959561]\n",
      "[[-0.68866628  0.41204326 -0.54234802 -0.24863172]\n",
      " [ 0.3152209   0.30800581  0.23135159 -0.86732038]\n",
      " [-0.30610882 -0.84814725 -0.05934002 -0.4282784 ]\n",
      " [-0.5767772   0.12648719  0.8054898   0.05015207]] (4, 4)\n",
      "[-0.24863172 -0.86732038 -0.4282784 ] (3,)\n",
      "0.050152070299948004\n",
      "[ -4.95755649 -17.29381019  -8.53959561]\n",
      "[[ 0.00000000e+00 -5.68988362e+02  7.33971990e+01  0.00000000e+00]\n",
      " [ 5.68996141e+02  0.00000000e+00  4.86850559e+02  0.00000000e+00]\n",
      " [-3.13733092e+05  8.89670203e+04 -2.79916047e+05  0.00000000e+00]] (3, 4)\n",
      "[[-4.70656954e+00 -5.68894437e+02  6.57744324e+01  4.48633701e+01]\n",
      " [ 5.00821854e+02  7.84232325e+00  4.12497923e+02  3.08777663e+02]\n",
      " [-2.70442023e+05  1.84221172e+05 -2.45823474e+05 -1.82563920e+05]] (3, 4)\n",
      "[[ 0.00000000e+00 -5.68988362e+02  7.33971990e+01  0.00000000e+00]\n",
      " [ 5.68996141e+02  0.00000000e+00  4.86850559e+02  0.00000000e+00]\n",
      " [-3.13733092e+05  8.89670203e+04 -2.79916047e+05  0.00000000e+00]\n",
      " [-4.70656954e+00 -5.68894437e+02  6.57744324e+01  4.48633701e+01]\n",
      " [ 5.00821854e+02  7.84232325e+00  4.12497923e+02  3.08777663e+02]\n",
      " [-2.70442023e+05  1.84221172e+05 -2.45823474e+05 -1.82563920e+05]] (6, 4)\n",
      "[ -5.75771652 -22.04130473 -13.01819158]\n",
      "[[-0.68420597  0.32318066 -0.61589961 -0.21928093]\n",
      " [ 0.26913556  0.41812256  0.21928477 -0.83943657]\n",
      " [-0.20274803 -0.8434538  -0.04083195 -0.49579398]\n",
      " [-0.64677777  0.09650627  0.75558892  0.0380847 ]] (4, 4)\n",
      "[-0.21928093 -0.83943657 -0.49579398] (3,)\n",
      "0.038084704318708626\n",
      "[ -5.75771652 -22.04130473 -13.01819158]\n",
      "[[ 0.00000000e+00 -5.68988362e+02  4.21771990e+01  0.00000000e+00]\n",
      " [ 5.68996141e+02  0.00000000e+00 -1.32889441e+02  0.00000000e+00]\n",
      " [-2.95969033e+05  4.41591868e+05  3.63900473e+04  0.00000000e+00]] (3, 4)\n",
      "[[ 1.42338313e+00 -5.68915908e+02  3.34709091e+01  6.23785084e+01]\n",
      " [ 6.22160612e+02  7.41732016e+00 -2.26931065e+02  6.55479385e+02]\n",
      " [-3.18842985e+05  5.54976220e+05  8.29135841e+04 -3.95710299e+05]] (3, 4)\n",
      "[[ 0.00000000e+00 -5.68988362e+02  4.21771990e+01  0.00000000e+00]\n",
      " [ 5.68996141e+02  0.00000000e+00 -1.32889441e+02  0.00000000e+00]\n",
      " [-2.95969033e+05  4.41591868e+05  3.63900473e+04  0.00000000e+00]\n",
      " [ 1.42338313e+00 -5.68915908e+02  3.34709091e+01  6.23785084e+01]\n",
      " [ 6.22160612e+02  7.41732016e+00 -2.26931065e+02  6.55479385e+02]\n",
      " [-3.18842985e+05  5.54976220e+05  8.29135841e+04 -3.95710299e+05]] (6, 4)\n",
      "[-3.0532677  -7.60194277  0.70008585]\n",
      "[[-0.47989736  0.78984933  0.09972477 -0.36863468]\n",
      " [ 0.29548081 -0.25704413  0.06505486 -0.91781658]\n",
      " [ 0.79500555  0.5523001  -0.23619143  0.0845245 ]\n",
      " [ 0.22440096  0.07092919  0.96438397  0.12073448]] (4, 4)\n",
      "[-0.36863468 -0.91781658  0.0845245 ] (3,)\n",
      "0.12073447619112991\n",
      "[-3.0532677  -7.60194277  0.70008585]\n",
      "[[ 0.00000000e+00 -5.68988362e+02 -3.92328010e+01  0.00000000e+00]\n",
      " [ 5.68996141e+02  0.00000000e+00  2.34750559e+02  0.00000000e+00]\n",
      " [-2.49647057e+05  2.32408987e+05 -8.69717780e+04  0.00000000e+00]] (3, 4)\n",
      "[[ 1.56706758e+01 -5.68965811e+02 -4.16092385e+01  1.03087355e+02]\n",
      " [ 5.42834774e+02  7.69516812e+00  1.91098927e+02  4.28821350e+02]\n",
      " [-2.44210392e+05  3.13382267e+05 -5.97384268e+04 -2.43411597e+05]] (3, 4)\n",
      "[[ 0.00000000e+00 -5.68988362e+02 -3.92328010e+01  0.00000000e+00]\n",
      " [ 5.68996141e+02  0.00000000e+00  2.34750559e+02  0.00000000e+00]\n",
      " [-2.49647057e+05  2.32408987e+05 -8.69717780e+04  0.00000000e+00]\n",
      " [ 1.56706758e+01 -5.68965811e+02 -4.16092385e+01  1.03087355e+02]\n",
      " [ 5.42834774e+02  7.69516812e+00  1.91098927e+02  4.28821350e+02]\n",
      " [-2.44210392e+05  3.13382267e+05 -5.97384268e+04 -2.43411597e+05]] (6, 4)\n",
      "[ -4.80022501 -12.16975687  -3.85440906]\n",
      "[[-0.60806649  0.6901504  -0.17529554 -0.35102571]\n",
      " [ 0.39129935 -0.04972595  0.2289638  -0.88993693]\n",
      " [-0.57679882 -0.71911106 -0.26596376 -0.28186109]\n",
      " [-0.38005668 -0.06402373  0.91984256  0.07312693]] (4, 4)\n",
      "[-0.35102571 -0.88993693 -0.28186109] (3,)\n",
      "0.07312692727585228\n",
      "[ -4.80022501 -12.16975687  -3.85440906]\n",
      "[[ 0.00000000e+00 -5.68988362e+02  1.15077199e+02  0.00000000e+00]\n",
      " [ 5.68996141e+02  0.00000000e+00  1.59000559e+02  0.00000000e+00]\n",
      " [-3.37448851e+05  2.75509855e+05 -1.50018402e+05  0.00000000e+00]] (3, 4)\n",
      "[[-1.31762699e+01 -5.68864771e+02  1.10407920e+02  2.06628612e+01]\n",
      " [ 5.57725265e+02  7.64301245e+00  1.12629267e+02  4.71368008e+02]\n",
      " [-3.19856536e+05  3.57601274e+05 -1.36564782e+05 -2.90571458e+05]] (3, 4)\n",
      "[[ 0.00000000e+00 -5.68988362e+02  1.15077199e+02  0.00000000e+00]\n",
      " [ 5.68996141e+02  0.00000000e+00  1.59000559e+02  0.00000000e+00]\n",
      " [-3.37448851e+05  2.75509855e+05 -1.50018402e+05  0.00000000e+00]\n",
      " [-1.31762699e+01 -5.68864771e+02  1.10407920e+02  2.06628612e+01]\n",
      " [ 5.57725265e+02  7.64301245e+00  1.12629267e+02  4.71368008e+02]\n",
      " [-3.19856536e+05  3.57601274e+05 -1.36564782e+05 -2.90571458e+05]] (6, 4)\n",
      "[ 3.95457536 11.11957664  3.04229198]\n",
      "[[-0.64454428  0.63358518 -0.28027387 -0.32338684]\n",
      " [ 0.37340448 -0.00302352  0.18362994 -0.90930743]\n",
      " [-0.61330594 -0.74963589  0.00284823 -0.24878453]\n",
      " [ 0.26265489 -0.19132879 -0.94218814 -0.08177536]] (4, 4)\n",
      "[-0.32338684 -0.90930743 -0.24878453] (3,)\n",
      "-0.0817753640162819\n",
      "[ 3.95457536 11.11957664  3.04229198]\n",
      "[[ 0.00000000e+00 -5.68988362e+02  3.85671990e+01  0.00000000e+00]\n",
      " [ 5.68996141e+02  0.00000000e+00  4.17260559e+02  0.00000000e+00]\n",
      " [-2.93914957e+05  1.28562920e+05 -2.24250201e+05  0.00000000e+00]] (3, 4)\n",
      "[[ 1.02068551e+00 -5.68914498e+02  3.55930384e+01  6.12278789e+01]\n",
      " [ 5.11562321e+02  7.80470352e+00  3.55897984e+02  3.39466444e+02]\n",
      " [-2.62516383e+05  2.17263174e+05 -1.96201413e+05 -1.97751958e+05]] (3, 4)\n",
      "[[ 0.00000000e+00 -5.68988362e+02  3.85671990e+01  0.00000000e+00]\n",
      " [ 5.68996141e+02  0.00000000e+00  4.17260559e+02  0.00000000e+00]\n",
      " [-2.93914957e+05  1.28562920e+05 -2.24250201e+05  0.00000000e+00]\n",
      " [ 1.02068551e+00 -5.68914498e+02  3.55930384e+01  6.12278789e+01]\n",
      " [ 5.11562321e+02  7.80470352e+00  3.55897984e+02  3.39466444e+02]\n",
      " [-2.62516383e+05  2.17263174e+05 -1.96201413e+05 -1.97751958e+05]] (6, 4)\n",
      "[ -5.84675617 -19.16046088  -9.83872132]\n",
      "[[-0.68711165  0.43611645 -0.51883404 -0.26170837]\n",
      " [ 0.32110151  0.30381356  0.26274085 -0.857647  ]\n",
      " [-0.27697129 -0.84531281 -0.12159929 -0.44039389]\n",
      " [-0.58996466  0.0542773   0.80435819  0.04476129]] (4, 4)\n",
      "[-0.26170837 -0.857647   -0.44039389] (3,)\n",
      "0.0447612929777908\n",
      "[ -5.84675617 -19.16046088  -9.83872132]\n",
      "[[ 0.00000000e+00 -5.68988362e+02  2.81271990e+01  0.00000000e+00]\n",
      " [ 5.68996141e+02  0.00000000e+00 -9.33394406e+01  0.00000000e+00]\n",
      " [-2.87974637e+05  4.19088378e+05  2.65229359e+04  0.00000000e+00]] (3, 4)\n",
      "[[ 3.81906110e+00 -5.68924299e+02  2.08462049e+01  6.92236887e+01]\n",
      " [ 6.13314315e+02  7.44830534e+00 -1.80312994e+02  6.30202825e+02]\n",
      " [-3.08619950e+05  5.28068904e+05  7.01991293e+04 -3.78153663e+05]] (3, 4)\n",
      "[[ 0.00000000e+00 -5.68988362e+02  2.81271990e+01  0.00000000e+00]\n",
      " [ 5.68996141e+02  0.00000000e+00 -9.33394406e+01  0.00000000e+00]\n",
      " [-2.87974637e+05  4.19088378e+05  2.65229359e+04  0.00000000e+00]\n",
      " [ 3.81906110e+00 -5.68924299e+02  2.08462049e+01  6.92236887e+01]\n",
      " [ 6.13314315e+02  7.44830534e+00 -1.80312994e+02  6.30202825e+02]\n",
      " [-3.08619950e+05  5.28068904e+05  7.01991293e+04 -3.78153663e+05]] (6, 4)\n",
      "[ 3.1126365   7.73397571 -0.82781685]\n",
      "[[-0.4876176   0.78663432  0.08566436 -0.36891346]\n",
      " [ 0.30320361 -0.24992019  0.07333633 -0.9166402 ]\n",
      " [ 0.80232305  0.56234817 -0.17440164  0.09811386]\n",
      " [-0.16301647 -0.05010872 -0.97819603 -0.11852121]] (4, 4)\n",
      "[-0.36891346 -0.9166402   0.09811386] (3,)\n",
      "-0.11852121494108198\n",
      "[ 3.1126365   7.73397571 -0.82781685]\n",
      "[[ 0.00000000e+00 -5.68988362e+02 -1.33362801e+02  0.00000000e+00]\n",
      " [ 5.68996141e+02  0.00000000e+00  1.09280559e+02  0.00000000e+00]\n",
      " [-1.96087450e+05  3.03799956e+05  3.35461340e+04  0.00000000e+00]] (3, 4)\n",
      "[[ 3.52965917e+01 -5.69034553e+02 -1.45033566e+02  1.59164563e+02]\n",
      " [ 5.67910159e+02  7.60733867e+00  5.89570811e+01  5.00469346e+02]\n",
      " [-2.10976796e+05  3.90794607e+05  8.08716403e+04 -2.74432378e+05]] (3, 4)\n",
      "[[ 0.00000000e+00 -5.68988362e+02 -1.33362801e+02  0.00000000e+00]\n",
      " [ 5.68996141e+02  0.00000000e+00  1.09280559e+02  0.00000000e+00]\n",
      " [-1.96087450e+05  3.03799956e+05  3.35461340e+04  0.00000000e+00]\n",
      " [ 3.52965917e+01 -5.69034553e+02 -1.45033566e+02  1.59164563e+02]\n",
      " [ 5.67910159e+02  7.60733867e+00  5.89570811e+01  5.00469346e+02]\n",
      " [-2.10976796e+05  3.90794607e+05  8.08716403e+04 -2.74432378e+05]] (6, 4)\n",
      "[-3.61194095 -8.82414641  1.53165551]\n",
      "[[-0.45755802  0.79556001  0.13898136 -0.37203376]\n",
      " [ 0.3075907  -0.2648412   0.09567826 -0.90889646]\n",
      " [ 0.81360262  0.49666561  0.25784716  0.15776215]\n",
      " [-0.18460606 -0.22420233  0.95133837  0.10300106]] (4, 4)\n",
      "[-0.37203376 -0.90889646  0.15776215] (3,)\n",
      "0.10300106269474354\n",
      "[-3.61194095 -8.82414641  1.53165551]\n",
      "[[ 0.00000000e+00 -5.68988362e+02 -4.67628010e+01  0.00000000e+00]\n",
      " [ 5.68996141e+02  0.00000000e+00  5.19590559e+02  0.00000000e+00]\n",
      " [-2.45362516e+05  7.03383414e+04 -2.18277024e+05  0.00000000e+00]] (3, 4)\n",
      "[[ 1.47273193e+01 -5.68962507e+02 -3.66379542e+01  1.00391899e+02]\n",
      " [ 4.95831013e+02  7.85980425e+00  4.38798571e+02  2.94517315e+02]\n",
      " [-2.22090415e+05  1.69822410e+05 -1.81417806e+05 -1.59828163e+05]] (3, 4)\n",
      "[[ 0.00000000e+00 -5.68988362e+02 -4.67628010e+01  0.00000000e+00]\n",
      " [ 5.68996141e+02  0.00000000e+00  5.19590559e+02  0.00000000e+00]\n",
      " [-2.45362516e+05  7.03383414e+04 -2.18277024e+05  0.00000000e+00]\n",
      " [ 1.47273193e+01 -5.68962507e+02 -3.66379542e+01  1.00391899e+02]\n",
      " [ 4.95831013e+02  7.85980425e+00  4.38798571e+02  2.94517315e+02]\n",
      " [-2.22090415e+05  1.69822410e+05 -1.81417806e+05 -1.59828163e+05]] (6, 4)\n",
      "[ 7.09024163 22.72343382 15.86560964]\n",
      "[[-0.68412816  0.36063864 -0.58356882 -0.24770115]\n",
      " [ 0.2601813   0.45270165  0.31170794 -0.79385456]\n",
      " [-0.1093013  -0.81329943 -0.1392073  -0.55427303]\n",
      " [ 0.67255302  0.05954008 -0.73682218 -0.0349355 ]] (4, 4)\n",
      "[-0.24770115 -0.79385456 -0.55427303] (3,)\n",
      "-0.03493550158316075\n",
      "[ 7.09024163 22.72343382 15.86560964]\n",
      "[[ 0.00000000e+00 -5.68988362e+02 -1.64612801e+02  0.00000000e+00]\n",
      " [ 5.68996141e+02  0.00000000e+00  6.29805594e+01  0.00000000e+00]\n",
      " [-1.78306321e+05  3.30144118e+05  7.57770676e+04  0.00000000e+00]] (3, 4)\n",
      "[[ 4.10555406e+01 -5.69054724e+02 -1.75381980e+02  1.75619631e+02]\n",
      " [ 5.76422739e+02  7.57752237e+00  1.40976263e+01  5.24792376e+02]\n",
      " [-2.01822772e+05  4.17035453e+05  1.25028792e+05 -2.85604507e+05]] (3, 4)\n",
      "[[ 0.00000000e+00 -5.68988362e+02 -1.64612801e+02  0.00000000e+00]\n",
      " [ 5.68996141e+02  0.00000000e+00  6.29805594e+01  0.00000000e+00]\n",
      " [-1.78306321e+05  3.30144118e+05  7.57770676e+04  0.00000000e+00]\n",
      " [ 4.10555406e+01 -5.69054724e+02 -1.75381980e+02  1.75619631e+02]\n",
      " [ 5.76422739e+02  7.57752237e+00  1.40976263e+01  5.24792376e+02]\n",
      " [-2.01822772e+05  4.17035453e+05  1.25028792e+05 -2.85604507e+05]] (6, 4)\n",
      "[ 4.09978213 10.32932942 -1.04444298]\n",
      "[[-0.40600465  0.80726554  0.22282941 -0.36582731]\n",
      " [ 0.23971823 -0.30396865  0.02481156 -0.92169551]\n",
      " [ 0.87581777  0.42513164  0.20861622  0.0931966 ]\n",
      " [ 0.10314375  0.2742052  -0.95195101 -0.08923091]] (4, 4)\n",
      "[-0.36582731 -0.92169551  0.0931966 ] (3,)\n",
      "-0.08923091462130361\n",
      "[ 4.09978213 10.32932942 -1.04444298]\n",
      "[[ 0.00000000e+00 -5.68988362e+02 -1.75522801e+02  0.00000000e+00]\n",
      " [ 5.68996141e+02  0.00000000e+00 -1.44294406e+01  0.00000000e+00]\n",
      " [-1.72098573e+05  3.74189507e+05  1.19795143e+05  0.00000000e+00]] (3, 4)\n",
      "[[ 4.50154005e+01 -5.69068594e+02 -1.96249584e+02  1.86934154e+02]\n",
      " [ 5.94003473e+02  7.51594381e+00 -7.85490358e+01  5.75025877e+02]\n",
